
...........................................................
boruvka 500 12550 0.094675625
boruvka 500 62502 0.3752595
boruvka 500 105973 0.631533375
random 500 12550 0.08464037499999999
random 500 62502 0.35051699999999997
random 500 105973 0.56358575

............................................................
boruvka 1000 49688 0.44779074999999996
boruvka 1000 249345 1.6148632500000002
boruvka 1000 425189 2.6808547500000004
random 1000 49688 0.372682375
random 1000 249345 1.4415087500000001
random 1000 425189 2.380454125

............................................................
boruvka 2000 200645 2.344529625
boruvka 2000 999706 7.876264375000001
boruvka 2000 1699470 11.855900125
random 2000 200645 2.0359944999999997
random 2000 999706 7.147530125
random 2000 1699470 10.716295625

............................................................
boruvka 3000 450598 4.411643124999999
boruvka 3000 2248562 16.773209
boruvka 3000 3823447 26.869629625
random 3000 450598 3.86733475
random 3000 2248562 15.29241925
random 3000 3823447 24.660007625

............................................................
boruvka 4000 801295 7.926337500000001
boruvka 4000 4001647 32.321943624999996
boruvka 4000 6796339 50.640746750000005
random 4000 801295 7.136734999999999
random 4000 4001647 28.048390625000003
random 4000 6796339 46.978253124999995


