
------------ proba 1/2
boruvka 500 62333 0.366042
random 500 62333 0.325752

boruvka 1000 249305 1.632193
random 1000 249305 1.394883

boruvka 2000 999393 7.128384
random 2000 999393 6.546017

boruvka 3000 2249106 17.219508
random 3000 2249106 15.871018

boruvka 4000 3998262 32.805423
random 4000 3998262 28.123125

boruvka 5000 6245435 52.295522
random 5000 6245435 47.836309

boruvka 8000 15999345 149.217619
random 8000 15999345 134.358028

------------ proba 0,1
boruvka 500 12630 0.090253
random 500 12630 0.081435

boruvka 1000 49853 0.416702
random 1000 49853 0.367006

boruvka 2000 200167 1.831316
random 2000 200167 1.626365

boruvka 3000 450653 4.398818
random 3000 450653 3.955687

boruvka 4000 799101 8.604222
random 4000 799101 7.280773

boruvka 5000 1250070 13.5055
random 5000 1250070 11.614589

boruvka 8000 3202427 37.160693
random 8000 3202427 43.092523

------------ proba 0,85
boruvka 500 106269 0.600066
random 500 106269 0.547127

boruvka 1000 424508 2.614254
random 1000 424508 2.412932

boruvka 2000 1699648 12.613488
random 2000 1699648 11.40645

boruvka 3000 3823522 26.702439
random 3000 3823522 24.196185

boruvka 4000 6798567 49.212568
random 4000 6798567 45.379937

boruvka 5000 10623458 83.772691
random 5000 10623458 76.894225

------------ full time proba 0,85

rnd	1000	424258	0	1462720209,605398
#b1	280	424258	0	1462720211,726416
#b2	70	424258	0	1462720211,940627
#g0	70	2415	0	1462720211,984493
#g1	70	1187	0	1462720211,985992
#f1	1	1187	0	1462720211,990651
#g2	70	160	0	1462720211,999117
#f2	1	160	0	1462720212,000199
,
boruvka	1000	424258	2,707158
random	1000	424258	2,394884

rnd	2000	1699306	0	1462720247,061801
#b1	575	1699306	0	1462720261,677566
#b2	147	1699306	0	1462720263,231616
#g0	147	10731	0	1462720263,500936
#g1	147	5302	0	1462720263,512183
#f1	8	5302	0	1462720263,552463
#g2	147	8699	0	1462720263,605138
#f2	6	8699	0	1462720263,668104
,
boruvka	2000	1699306	16,415341
random	2000	1699306	16,60659



rnd	2000	998567	0	1462713715,257044
#b1	531	998567	0	1462713720,508237
#b2	135	998567	0	1462713721,273386
#g0	135	9045	0	1462713723,410609     => 2,2 sec on passe sur toutes les aretes !!!
#g1	135	4562	0	1462713723,41649
#f1	6	4562	0	1462713723,440932
#g2	135	6870	0	1462713723,476643
#f2	5	6870	0	1462713723,522466




./run.py 500 1000 2000 3000 4000 5000 8000 100000

boruvka 500 62097 0.353505
random 500 62097 0.456402

boruvka 1000 249879 1.576732
random 1000 249879 1.802194

boruvka 2000 999353 6.884305
random 2000 999353 8.299952

boruvka 3000 2250107 17.548086
random 3000 2250107 19.986735

boruvka 4000 3997721 32.760404
random 4000 3997721 39.618625

boruvka 5000 6245559 49.598713
random 5000 6245559 59.115922



PAS BON CE QUI SUIT : Boruvka pas optimise et random avec un mauvais g2
------------ proba 1/2

boruvka 500 62483 3.0060330000000004
random 500 62483 0.4267987000000001
randomEdges 500 62483 0.5712630999999999
randomTests 500 62483 0.4236262999999999

boruvka 1000 250268 18.865983200000002
random 1000 250268 1.9885072999999998
randomEdges 1000 250268 2.8145988
randomTests 1000 250268 2.0503657

boruvka 2000 999252 98.86476429999999
random 2000 999252 9.4493327
randomEdges 2000 999252 12.4268721
randomTests 2000 999252 9.6017178

boruvka 3000 2249408 257.0478395
random 3000 2249408 24.6178601
randomEdges 3000 2249408 32.064101900000004
randomTests 3000 2249408 24.155344

random 4000 3998537 45.9911408
randomEdges 4000 3998537 60.2273143
randomTests 4000 3998537 46.28146199999999

boruvka 5000 6250041 724.2723777
random 5000 6247972 69.27662970000002
randomEdges 5000 6247972 91.5420926
randomTests 5000 6247972 69.9901281

random 6000 8999271 88.96989079999999
randomEdges 6000 8999271 117.9795516
randomTests 6000 8999271 89.8147402

random 7000 12246792 123.75832340000002
randomEdges 7000 12246792 166.31411880000002
randomTests 7000 12246792 125.94835000000003

------------- proba 1/10
random 500 12382 0.100729
randomEdges 500 12382 0.14880129999999997
randomTests 500 12382 0.10279980000000002

random 1000 50197 0.44839790000000007
randomEdges 1000 50197 0.6800528000000001
randomTests 1000 50197 0.4556401

random 2000 199353 1.8896564999999999
randomEdges 2000 199353 2.9120876
randomTests 2000 199353 1.8898356

random 3000 449791 4.7876015
randomEdges 3000 449791 7.4814828
randomTests 3000 449791 4.877597099999999

random 4000 797797 9.324917500000002
randomEdges 4000 797797 14.170432
randomTests 4000 797797 9.187580100000002

random 5000 1248331 14.099248900000001
randomEdges 5000 1248331 21.797315899999997
randomTests 5000 1248331 14.3268732

------------- taille g0

--- 9 12
g0 0 0
--- 9 12
g0 0 0
--- 7 11
g0 0 0
--- 7 11
g0 0 0
--- 16 15
g0 0 0
--- 16 15
g0 0 0
--- 32 31
g0 0 0
--- 32 31
g0 0 0
--- 18 20
g0 2 1
--- 18 20
g0 2 1
--- 20 41
g0 2 1
--- 20 41
g0 2 1
--- 64 63
g0 3 2
--- 64 63
g0 3 2
--- 128 127
g0 9 8
--- 128 127
g0 9 8
--- 100 4950
g0 7 21
--- 200 19900
g0 11 55
--- 400 79800
g0 26 325
--- 800 319600
g0 47 1081
--- 1600 1279200
g0 102 5151
--- 3200 5118400
g0 232 26796
